1111011101100101110100011000
1000110001011111101110010100
1100111010100111010101000010
1110111111011011101000100001
0100111000101010110010011011
0110000100110111001011011110
0011100010011011000101101111
1001110001000101100000110111
0011010111010111011010111001
1010111110111100010111101101
1101011101011110101011110110
0110101110101111110101110011
1001110101010110011101000011
1101101111110101110001101010
0110010101111010111000111101
0011101010111101111110010110
0101001110011111100000101101
1111101011011000010000111011
0111110101101100001010010101
1011011000111110000101001010
0110100011111001001110100111
0101010010001101101001111100
1010001011000110110110111110
1101000111100011011001011111
1101100100111000111111100101
1011110110100100100000011111
0101011011010010110010000111
1010001101100001111011001011
0111111110000011100111000110
1100100001001010110100100101
1110110000101101011000011010
1111111000010110001110001101
